X<-1
x